<?xml version="1.0"?>
<opencv_storage>
<Intrinsics type_id="opencv-matrix">
  <rows>3</rows>
  <cols>3</cols>
  <dt>f</dt>
  <data>
    4.44333801e+002 0. 3.46242554e+002 0. 4.80463531e+002
    3.21402069e+002 0. 0. 1.</data></Intrinsics>
</opencv_storage>
